Break in iteration 9



Cluster values: 0 1 1 0 0 0 0 0 0 0 0 0 0 0 0 0 0 0 0 0 0 0 0 0 0 0 0 0 4 0 0 0 

Cluster values: 1 1 1 0 0 0 0 0 0 0 0 0 0 0 0 0 0 0 0 0 0 0 0 0 0 0 1 0 3 0 0 0 

Cluster values: 3 10 1 0 0 0 0 1 1 0 0 0 0 0 0 0 0 0 0 0 0 0 0 0 1 0 1 0 2 0 0 2 

Cluster values: 3 1 1 0 0 1 2 1 1 0 0 0 0 2 2 0 1 0 0 0 0 0 0 0 6 0 1 0 3 0 1 3 

Cluster values: 4 1 1 0 0 1 2 1 1 0 0 0 0 3 3 0 2 0 0 0 0 0 0 0 4 0 1 0 0 0 1 3 

Cluster values: 4 4 1 0 0 2 2 1 1 0 0 1 0 2 2 0 1 0 0 0 0 0 0 0 8 0 1 0 0 0 1 3 

Cluster values: 5 1 1 0 0 1 0 1 1 0 0 2 0 1 0 0 0 0 0 0 0 0 0 0 6 0 1 1 0 0 0 3 

Cluster values: 6 1 1 0 0 0 0 1 1 0 0 2 0 0 0 0 0 0 0 0 0 0 0 0 0 0 1 1 0 0 0 3 

Cluster values: 5 2 1 0 3 1 1 1 1 1 0 1 0 1 1 7 1 0 0 0 0 0 0 0 4 0 1 0 0 0 0 3 

Cluster values: 9 0 0 0 0 0 0 0 0 0 0 0 0 0 0 0 0 0 0 0 0 0 0 0 0 0 0 0 0 0 0 0 

Cluster values: 10 0 0 0 0 0 0 0 0 0 0 0 0 0 0 0 0 0 0 0 0 0 0 0 0 0 0 0 0 0 0 0 

Cluster values: 11 0 0 0 0 0 0 0 0 0 0 0 0 0 0 0 0 0 0 0 0 0 0 0 0 0 0 0 0 0 0 0 

Cluster values: 12 0 0 0 0 0 0 0 0 0 0 0 0 0 0 0 0 0 0 0 0 0 0 0 0 0 0 0 0 0 0 0 

Cluster values: 13 0 0 0 0 0 0 0 0 0 0 0 0 0 0 0 0 0 0 0 0 0 0 0 0 0 0 0 0 0 0 0 

Cluster values: 14 0 0 0 0 0 0 0 0 0 0 0 0 0 0 0 0 0 0 0 0 0 0 0 0 0 0 0 0 0 0 0 

Cluster values: 15 0 0 0 0 0 0 0 0 0 0 0 0 0 0 0 0 0 0 0 0 0 0 0 0 0 0 0 0 0 0 0 

Times: 8046.738967ms 7978.733529ms 7981.933455ms 7910.915270ms 7891.968832ms 7893.755726ms 7877.446412ms 7882.598520ms 7891.031374ms 7933.636757ms 
1 Iteration Execution Time: 886.450710ms

Time AVG (3ยบ until 10ยบ): 7897.336127ms 
